version https://git-lfs.github.com/spec/v1
oid sha256:37275cbb176f5be38dddb011a9b8ecce4223be7a37310c794a076a3a08218b89
size 10741
